	20 0 0
	0 20 0
	0 0 20
8.2343 2.40433 6.40719
1.79935 3.7468 1.18583
14.7884 10.5795 6.96241
13.062 5.29377 9.11572
15.697 9.49262 8.43409
7.58079 0.73949 18.3098
2.72989 2.43532 15.2928
10.0323 18.194 19.3639
15.0658 17.4612 4.64439
14.1158 5.69817 4.86275
4.77618 17.726 8.22072
13.9443 19.1941 6.24845
9.95757 8.10284 17.3594
14.0934 18.4744 9.55152
10.2938 10.4578 0.0872545
4.08188 14.3356 15.7914
4.39876 13.5376 5.20457
4.81737 8.83628 16.8116
19.0474 5.07744 2.5079
18.2556 15.3926 4.43823
8.46259 11.2473 4.61305
2.42467 9.84748 12.5738
15.4488 16.422 9.17565
3.90758 1.22189 5.99643
1.5081 16.239 1.7988
10.0283 0.608271 13.7503
2.79633 5.15142 3.39084
18.4194 20 11.3939
7.4233 13.5838 9.4235
0.397994 11.2676 3.49371
4.64837 16.8937 18.7741
17.2581 16.8332 15.5836
12.6564 7.73316 18.4146
18.5388 19.4444 1.66567
19.8238 5.09553 12.7812
13.1449 12.5356 4.0805
9.73161 17.4508 10.3951
18.3076 12.8041 12.1622
14.7195 6.05344 18.4168
8.05644 10.2672 6.52222
14.8926 12.5473 17.067
16.5696 17.2949 3.24077
12.2588 3.01285 1.0946
1.54268 2.62849 19.2231
18.6059 17.6418 14.0321
2.79678 7.78359 4.83898
17.9032 7.05912 1.14412
19.6671 15.3262 8.0996
2.1745 17.7068 16.7089
12.1642 10.106 3.63975
11.2492 18.3407 5.86101
10.3252 0.979034 18.4706
13.7372 1.29152 13.8293
15.2703 18.5276 13.2774
2.73421 3.90303 6.1857
4.43792 9.77518 12.9705
13.1202 16.4052 2.66729
15.9357 12.4978 15.0926
13.3725 11.0021 1.61561
5.60797 6.77183 11.045
3.41047 13.0722 6.90634
14.8723 12.7982 3.27501
3.6498 14.0777 19.7066
9.30984 17.5599 5.2827
3.74671 13.7435 13.7811
12.8105 1.14248 5.40439
5.05268 15.0227 11.7613
19.0768 14.4998 17.2772
5.39339 15.7041 7.59881
0.815684 14.6336 4.12263
15.4945 3.37129 13.0502
18.6216 10.6164 2.18008
3.03503 8.01462 19.3819
4.66484 3.17845 3.47684
9.45281 11.3984 10.9979
4.55847 3.23525 5.64723
12.5153 1.03959 10.7494
14.9991 4.28625 16.7685
7.54347 10.4498 19.8986
7.12815 7.34292 2.02647
1.05201 3.84566 8.06044
10.0841 4.8664 2.75588
4.2338 4.71922 18.8275
16.2611 11.3922 5.3432
6.78897 10.7457 9.8835
2.90619 5.01827 12.6418
9.70912 9.72822 3.88327
0.352782 6.80045 2.36836
1.05687 9.47725 0.240506
17.1588 10.6999 14.9262
10.8111 1.63929 4.06573
10.8763 7.35875 3.27887
18.5645 6.93585 8.49711
6.13527 1.80586 9.82602
19.859 16.1862 11.1197
16.9291 11.1461 18.1138
3.51549 12.1661 12.236
8.99017 3.37535 7.87022
0.10969 11.5587 19.5381
10.9543 4.52622 17.3482
5.92552 5.18572 1.85817
3.11512 15.1371 12.2119
1.99684 13.2724 0.61034
11.2487 6.96592 9.82067
6.63086 8.63529 15.7631
0.0285998 18.775 13.9754
14.1478 14.4413 10.5647
9.03505 3.07157 18.8395
17.0581 3.31468 5.68347
2.26338 12.5796 16.2897
9.31308 19.1094 4.05408
14.1305 5.32848 13.6314
17.1248 1.46763 1.32023
2.45866 4.27735 17.9912
17.0427 13.963 16.3006
3.82792 17.3496 14.1847
15.3965 8.94751 5.50161
10.7402 2.2909 9.7027
6.80213 12.4208 18.8485
1.96589 2.42838 9.06435
9.03536 13.8966 16.371
6.27781 14.442 17.4276
0.43262 5.7257 4.21195
15.9921 19.5584 1.31522
19.1375 18.9702 7.45353
17.7502 8.89271 17.0793
8.67361 1.50762 4.13501
0.835387 19.4106 2.66718
8.73509 16.9451 15.9717
4.22604 6.77879 17.4736
2.03403 14.9864 18.0927
9.16764 7.33612 15.7427
17.4848 14.4421 9.02525
4.32398 4.48207 16.8515
16.2255 15.8962 5.37619
8.79949 6.44954 6.43523
8.52882 6.39782 17.7258
8.03637 19.0269 15.2793
4.90548 1.66069 18.2841
16.9362 3.85851 18.2753
17.621 7.76473 14.7128
3.76681 2.45817 12.9255
8.94424 5.5971 13.3672
15.7827 6.26073 2.7093
4.53797 5.19357 7.44987
0.324796 7.87937 17.3918
0.680534 14.2863 19.4487
4.44938 10.1935 5.49468
6.54082 0.149407 11.2747
10.7863 11.2253 5.26226
6.65564 16.3531 19.5557
18.814 3.19644 4.71108
2.36629 9.7516 9.82871
7.49198 0.742491 0.533893
1.1773 14.3115 10.7024
11.1897 8.30978 1.32642
19.3763 8.20857 4.29343
12.9685 15.2942 17.1143
12.9085 6.49398 1.62811
11.5594 3.2531 5.53519
6.61846 1.1196 2.62627
1.35874 14.6766 13.9224
7.91976 9.29651 11.6473
0.192814 3.90787 5.62561
10.1799 5.66769 8.85746
5.98312 12.4238 7.97749
15.8359 2.71282 15.5248
12.4054 6.0864 16.7823
13.5238 6.90288 10.8758
17.1299 5.57358 14.2393
10.7564 7.93995 13.6035
17.6385 0.597686 8.66338
0.801331 1.26283 4.23065
19.7853 11.0631 6.72368
12.3817 13.2778 13.3845
2.48907 17.3757 10.1083
11.29 13.0602 15.1312
4.22104 10.3729 10.056
15.1779 13.1243 11.371
6.2716 9.23948 2.74952
6.00933 9.12485 18.2002
18.6137 7.12959 11.7755
13.7954 11.8697 14.8924
18.6514 2.77102 12.5883
12.6947 2.39148 19.1143
5.70406 11.8032 13.1236
4.59768 8.19915 14.9071
9.44802 15.1081 18.3434
10.0947 4.32411 0.16721
13.3579 19.5943 3.93077
12.7895 3.68335 17.38
17.8738 14.9667 10.9679
6.18413 5.05236 10.7065
17.0352 19.4931 13.6702
18.984 0.750311 6.16052
18.3406 17.0092 10.5861
16.6628 3.43454 3.638
10.4335 15.4436 11.958
13.2972 0.632258 16.4957
19.1496 17.4869 8.79193
11.9716 5.35011 3.72489
4.04658 0.965244 3.84524
19.9397 13.0649 15.742
18.2041 17.2196 0.28378
8.66908 8.9455 8.46259
5.53331 8.02903 19.7161
19.6748 2.43289 18.1125
13.6436 13.7037 15.3875
7.84014 1.13926 16.4127
18.1784 3.81913 14.6825
2.59023 2.55948 10.9535
10.2637 3.51976 13.0557
10.4524 10.4449 14.8941
15.0365 5.39398 10.7093
17.301 12.7548 0.0906337
14.0942 0.0344257 18.0334
7.94739 17.1882 2.10502
6.78076 14.0365 4.48806
2.13797 16.5321 4.24397
6.04509 6.44459 15.8356
6.98309 4.44395 15.8271
9.11048 12.2999 14.8561
17.9648 2.51636 19.5539
19.7711 8.51699 15.2453
3.51545 11.4963 0.665161
3.57273 0.145517 19.2252
12.9149 5.05101 20
19.1282 8.68551 7.71785
15.8309 16.1839 0.793979
19.4034 14.9027 15.2089
0.506009 11.1088 13.5093
11.0954 14.2873 7.17311
1.00016 2.1758 6.3383
0.82955 2.16219 13.3954
8.06679 7.88812 5.25705
14.159 19.8027 11.3601
10.901 5.15132 6.23341
6.7368 14.1522 13.8523
10.6571 1.05029 6.40147
12.6993 7.07474 14.0818
3.56177 9.92991 7.20138
14.1632 14.2384 8.00592
17.0064 5.00246 0.508327
16.1216 16.5452 13.6215
6.45809 18.4022 14.1335
9.79835 17.4513 7.50662
15.5924 7.79111 10.3745
9.11266 7.1436 1.48983
10.4251 9.90881 11.6309
12.9008 3.19437 4.04357
16.7574 5.49086 3.9654
16.5369 17.8797 11.6219
8.50269 8.37844 3.19424
1.77474 12.4011 13.1148
15.67 2.6231 7.02798
5.2259 14.9078 9.43381
19.8778 18.1796 17.9299
17.1125 8.80871 18.9676
2.51086 15.5096 9.40211
13.2918 2.45788 11.9445
6.65605 16.3231 9.10582
7.41301 18.3745 8.3319
18.1861 1.34471 13.9972
20 20 8.90863
3.49581 13.8502 10.5982
8.77013 12.9547 5.3648
0.6856 13.7116 8.75701
19.8473 2.47241 1.01884
14.6732 2.36396 5.14355
7.2505 3.15996 17.8077
5.65381 18.5064 6.02542
10.6704 11.3559 17.1096
14.3799 3.58314 8.25371
11.3199 13.8929 4.04887
18.5251 19.546 17.3539
14.8059 16.5458 7.04075
12.3301 9.89304 7.0063
5.69493 12.53 17.2685
6.41506 13.3659 2.40442
14.1537 12.8476 0.586336
13.5197 17.9985 15.2752
6.24328 16.6563 3.04941
6.02833 19.1472 18.0842
9.54677 15.7009 6.0855
8.74699 7.17616 11.4836
3.69659 18.8434 4.53023
6.68311 0.514152 14.0808
15.9028 1.64425 13.8796
10.9622 13.7258 0.582328
13.9792 8.04082 7.02113
10.9526 16.041 15.0181
4.08177 2.23324 8.49862
7.50672 14.0318 6.68955
12.0321 15.2907 19.1635
15.4143 5.15717 6.85791
17.8689 10.9914 8.24134
15.2725 1.48092 17.1118
15.9187 0.348238 4.4533
16.7047 15.05 18.5499
16.7894 0.219151 17.8037
2.53495 0.669329 10.1453
7.72082 10.9506 15.6643
16.0952 8.62518 13.8626
0.744126 16.8975 19.6436
9.51729 11.2225 8.31659
2.5524 5.78173 1.74015
8.51076 13.354 13.2528
15.226 1.5266 2.81702
14.0292 10.1241 11.9462
9.23015 15.9198 3.15499
9.54519 2.64619 2.30544
12.9375 10.002 10.0812
5.53978 10.4015 1.25121
8.03624 10.8707 13.6004
7.47479 18.2238 11.5762
1.18727 0.243104 0.91691
19.1852 4.70075 7.58423
0.298245 8.80203 10.1279
13.1763 17.6714 18.0549
1.37168 19.8957 5.36845
14.7659 10.6962 10.2745
17.2236 17.5631 6.48678
9.252 13.6272 11.1425
12.6531 0.759496 0.992706
9.54998 12.8773 3.29499
5.02366 4.18132 12.454
4.24082 5.49088 4.99777
18.8324 8.35332 19.9009
0.192351 13.349 6.03151
4.37519 8.05049 1.58267
17.467 9.92556 4.75189
18.7183 6.50804 15.9807
14.6406 2.84154 18.5049
17.5153 17.8561 18.6001
1.44383 12.0976 10.9876
7.29489 5.73764 4.03066
8.57906 4.90052 15.2965
9.26532 19.3206 6.42095
11.6655 11.2914 8.60301
4.40505 16.1265 16.1243
0.586928 5.63261 17.0444
15.6074 12.1455 7.64998
16.6167 10.3802 1.69571
15.0102 14.1997 5.95061
2.37608 3.16736 3.91813
2.71904 1.55876 17.2968
10.782 6.72607 11.8658
14.8211 18.238 19.8379
13.5637 12.4982 6.68689
1.4247 0.0686113 17.9154
5.3386 0.134065 15.8669
5.11094 19.1499 2.34461
17.7035 4.59193 16.5578
4.63846 10.7282 3.4354
0.561239 16.9457 13.0377
9.09815 16.4096 0.379658
17.4362 2.22276 16.8969
12.6612 18.194 12.4383
18.6264 15.2681 19.0151
12.0802 18.3741 2.49128
18.268 13.6488 1.60362
8.74321 2.43066 11.0486
10.9209 20 20
17.3327 5.16933 9.85417
13.7934 14.8443 4.47503
0.178353 3.59556 3.22842
1.15096 9.67248 7.7357
12.1504 12.0194 2.48362
7.63651 3.45887 1.20904
15.8504 1.16176 12.016
0.0855662 17.1859 16.066
4.61455 14.7413 3.02521
2.9869 11.8408 10.129
12.5349 1.18108 7.8527
15.364 8.28262 18.0558
19.7893 0.764419 16.0191
7.80291 5.49475 11.5972
17.1611 3.12337 11.2631
6.30453 5.1062 19.5397
18.6321 12.046 17.3776
11.2435 15.8676 4.11116
11.8192 1.41021 12.975
11.4513 15.147 9.7121
10.3109 8.0648 7.03382
15.2345 19.3717 15.3784
7.00461 4.06669 7.4712
8.2937 4.90691 9.56142
8.7912 4.45963 4.8729
5.38618 12.6544 0.737886
4.86848 1.22322 0.913553
8.68948 0.652181 9.65875
19.5652 0.353488 19.3639
16.0475 14.4899 2.40719
6.27996 14.6945 0.797975
15.1445 14.6496 16.7742
1.84592 8.12891 14.0907
3.97357 17.9333 16.8424
3.69954 4.21967 8.96617
13.758 7.88494 0.124033
2.49508 5.42931 16.1026
1.52413 10.0559 15.9954
16.4947 7.28243 6.48435
15.1026 1.15485 10.0734
0.47137 0.914808 10.4872
7.76823 18.0368 17.6176
13.8832 16.8373 10.4804
17.5556 14.3258 13.5914
9.65804 12.982 19.0743
9.34802 15.4992 8.92711
1.14046 0.313877 13.6125
18.9788 15.7709 13.3666
12.4296 15.895 11.5309
7.59326 6.87023 19.9882
17.3902 9.22837 11.9684
18.9445 8.51614 13.2344
6.85626 3.62652 13.3915
19.1767 17.7321 4.705
11.2687 16.0468 1.25495
4.51469 10.8018 18.5738
20 3.26 10.512
3.09507 19.4825 14.9023
1.28891 18.5237 12.0375
8.91052 8.70799 19.4446
15.4113 16.8578 17.5163
5.7566 18.197 10.639
2.39174 14.8982 6.86009
8.42721 2.69902 15.2079
11.74 19.3338 16.3541
2.01381 9.68538 3.27139
3.51881 7.32207 6.74125
18.5095 5.32456 5.65443
9.91445 19.7053 1.6206
1.18722 4.98376 19.6843
5.21688 10.5215 14.6528
7.19402 16.2203 12.7839
2.96678 0.196656 8.22426
3.46894 12.8415 2.43625
12.0041 3.89109 10.0663
1.42193 7.08702 0.203564
8.03236 7.01665 9.00832
13.0053 17.6915 7.35743
4.59104 8.07652 4.40435
19.3475 10.7511 15.9461
3.28608 18.2267 1.29588
1.55877 6.83781 9.29529
13.051 10.4534 16.4187
2.17588 1.50466 2.70647
11.7157 12.7959 18.8432
15.159 7.15183 16.0526
7.06263 3.83442 5.35856
4.4215 3.3167 0.90557
17.7712 19.8813 4.27131
6.1034 17.0594 16.7435
0.895473 7.17241 7.01859
18.7592 11.8624 4.90733
19.4729 2.83145 16.0561
7.12731 15.3278 10.7306
13.6401 15.1721 12.9221
10.6204 19.3859 11.5721
5.64741 12.4315 10.0771
15.8755 8.13036 1.65412
16.3884 11.4766 11.3597
10.5975 2.74963 16.4556
19.1032 6.50867 18.4766
15.2639 10.6584 19.5289
13.0863 7.89666 3.4878
4.82167 2.46035 16.1904
5.68693 7.29561 7.90086
2.5263 10.7252 5.33974
12.8041 3.86421 7.05698
6.54744 10.5427 5.66719
7.41422 1.36377 8.22967
6.54685 8.06503 13.3902
8.59369 18.2808 13.476
18.7904 11.0934 10.6354
5.81775 1.85814 6.5442
15.0348 3.45051 1.2341
16.2594 11.7016 9.37745
4.19968 1.04398 11.3606
16.1648 19.5239 9.50043
16.921 13.6557 6.37537
2.25561 7.84637 16.4337
6.59878 6.33895 6.15316
16.1337 19.7928 7.38966
4.83222 5.78101 13.6538
8.34474 11.7372 1.398
3.80497 19.3305 13.0159
18.7549 1.78786 2.55433
1.87851 16.7543 7.70585
19.7371 13.2253 13.7486
12.331 9.59359 19.7602
6.53477 16.766 5.10622
11.0941 17.7896 8.84528
1.29421 4.73557 10.5846
11.0666 5.70526 14.2592
0.315091 13.6341 2.49089
15.2006 10.9729 13.7768
12.7666 4.34553 14.5418
12.384 12.0143 11.1166
14.6041 10.3243 4.09613

